H	C	q
0.224063	0.212306	-10.000000
0.226178	0.214020	-9.900000
0.228359	0.215775	-9.800000
0.230607	0.217572	-9.700000
0.232927	0.219411	-9.600000
0.235323	0.221295	-9.500000
0.237799	0.223224	-9.400000
0.240360	0.225201	-9.300000
0.243011	0.227228	-9.200000
0.245757	0.229305	-9.100000
0.248604	0.231434	-9.000000
0.251559	0.233618	-8.900000
0.254629	0.235858	-8.800000
0.257820	0.238156	-8.700000
0.261142	0.240513	-8.600000
0.264603	0.242931	-8.500000
0.268213	0.245412	-8.400000
0.271982	0.247958	-8.300000
0.275922	0.250569	-8.200000
0.280044	0.253248	-8.100000
0.284364	0.255995	-8.000000
0.288894	0.258811	-7.900000
0.293652	0.261696	-7.800000
0.298654	0.264650	-7.700000
0.303920	0.267671	-7.600000
0.309470	0.270759	-7.500000
0.315325	0.273911	-7.400000
0.321511	0.277122	-7.300000
0.328052	0.280387	-7.200000
0.334977	0.283698	-7.100000
0.342315	0.287046	-7.000000
0.350098	0.290418	-6.900000
0.358361	0.293800	-6.800000
0.367139	0.297171	-6.700000
0.376470	0.300510	-6.600000
0.386392	0.303786	-6.500000
0.396948	0.306967	-6.400000
0.408178	0.310012	-6.300000
0.420124	0.312873	-6.200000
0.432826	0.315495	-6.100000
0.446324	0.317815	-6.000000
0.460653	0.319759	-5.900000
0.475844	0.321249	-5.800000
0.491922	0.322192	-5.700000
0.508902	0.322494	-5.600000
0.526788	0.322050	-5.500000
0.545572	0.320755	-5.400000
0.565227	0.318500	-5.300000
0.585708	0.315182	-5.200000
0.606948	0.310707	-5.100000
0.628858	0.304994	-5.000000
0.651323	0.297983	-4.900000
0.674206	0.289643	-4.800000
0.697344	0.279974	-4.700000
0.720557	0.269014	-4.600000
0.743646	0.256843	-4.500000
0.766407	0.243581	-4.400000
0.788629	0.229387	-4.300000
0.810108	0.214454	-4.200000
0.830654	0.199003	-4.100000
0.850099	0.183268	-4.000000
0.868301	0.167492	-3.900000
0.885153	0.151911	-3.800000
0.900582	0.136744	-3.700000
0.914555	0.122184	-3.600000
0.927069	0.108395	-3.500000
0.938159	0.095504	-3.400000
0.947884	0.083598	-3.300000
0.956325	0.072734	-3.200000
0.963580	0.062930	-3.100000
0.969756	0.054178	-3.000000
0.974967	0.046446	-2.900000
0.979325	0.039682	-2.800000
0.982940	0.033820	-2.700000
0.985915	0.028786	-2.600000
0.988347	0.024500	-2.500000
0.990321	0.020882	-2.400000
0.991915	0.017851	-2.300000
0.993195	0.015329	-2.200000
0.994219	0.013247	-2.100000
0.995035	0.011536	-2.000000
0.995684	0.010138	-1.900000
0.996200	0.009000	-1.800000
0.996610	0.008077	-1.700000
0.996937	0.007328	-1.600000
0.997198	0.006721	-1.500000
0.997408	0.006229	-1.400000
0.997576	0.005829	-1.300000
0.997713	0.005503	-1.200000
0.997823	0.005237	-1.100000
0.997914	0.005019	-1.000000
0.997987	0.004841	-0.900000
0.998047	0.004696	-0.800000
0.998096	0.004577	-0.700000
0.998135	0.004481	-0.600000
0.998166	0.004405	-0.500000
0.998190	0.004346	-0.400000
0.998208	0.004303	-0.300000
0.998220	0.004272	-0.200000
0.998227	0.004254	-0.100000
0.998229	0.004247	-0.000000
0.998227	0.004250	0.100000
0.998221	0.004263	0.200000
0.998211	0.004286	0.300000
0.998198	0.004317	0.400000
0.998180	0.004358	0.500000
0.998159	0.004406	0.600000
0.998135	0.004463	0.700000
0.998107	0.004529	0.800000
0.998076	0.004602	0.900000
0.998041	0.004684	1.000000
0.998003	0.004774	1.100000
0.997961	0.004873	1.200000
0.997916	0.004979	1.300000
0.997867	0.005095	1.400000
0.997815	0.005219	1.500000
0.997758	0.005352	1.600000
0.997698	0.005493	1.700000
0.997634	0.005645	1.800000
0.997566	0.005805	1.900000
0.997494	0.005975	2.000000
0.997418	0.006156	2.100000
0.997337	0.006346	2.200000
0.997252	0.006547	2.300000
0.997162	0.006759	2.400000
0.997068	0.006983	2.500000
0.996968	0.007217	2.600000
0.996863	0.007464	2.700000
0.996753	0.007723	2.800000
0.996638	0.007995	2.900000
0.996516	0.008281	3.000000
0.996389	0.008579	3.100000
0.996256	0.008892	3.200000
0.996116	0.009220	3.300000
0.995970	0.009563	3.400000
0.995816	0.009921	3.500000
0.995656	0.010295	3.600000
0.995488	0.010687	3.700000
0.995313	0.011095	3.800000
0.995130	0.011521	3.900000
0.994938	0.011966	4.000000
0.994738	0.012430	4.100000
0.994530	0.012914	4.200000
0.994312	0.013418	4.300000
0.994084	0.013943	4.400000
0.993847	0.014489	4.500000
0.993599	0.015058	4.600000
0.993341	0.015650	4.700000
0.993072	0.016266	4.800000
0.992792	0.016906	4.900000
0.992499	0.017572	5.000000
0.992195	0.018263	5.100000
0.991879	0.018981	5.200000
0.991549	0.019726	5.300000
0.991206	0.020499	5.400000
0.990850	0.021300	5.500000
0.990479	0.022131	5.600000
0.990093	0.022992	5.700000
0.989693	0.023884	5.800000
0.989277	0.024808	5.900000
0.988845	0.025763	6.000000
0.988397	0.026751	6.100000
0.987932	0.027773	6.200000
0.987450	0.028829	6.300000
0.986950	0.029919	6.400000
0.986431	0.031045	6.500000
0.985895	0.032206	6.600000
0.985339	0.033404	6.700000
0.984763	0.034639	6.800000
0.984168	0.035911	6.900000
0.983552	0.037221	7.000000
0.982915	0.038569	7.100000
0.982257	0.039956	7.200000
0.981578	0.041382	7.300000
0.980876	0.042847	7.400000
0.980152	0.044352	7.500000
0.979404	0.045897	7.600000
0.978634	0.047482	7.700000
0.977840	0.049107	7.800000
0.977021	0.050773	7.900000
0.976179	0.052480	8.000000
0.975311	0.054227	8.100000
0.974419	0.056015	8.200000
0.973501	0.057843	8.300000
0.972557	0.059713	8.400000
0.971587	0.061622	8.500000
0.970591	0.063572	8.600000
0.969569	0.065563	8.700000
0.968519	0.067593	8.800000
0.967443	0.069663	8.900000
0.966339	0.071773	9.000000
0.965207	0.073921	9.100000
0.964049	0.076108	9.200000
0.962862	0.078333	9.300000
0.961647	0.080597	9.400000
0.960405	0.082897	9.500000
0.959134	0.085234	9.600000
0.957835	0.087607	9.700000
0.956507	0.090015	9.800000
0.955151	0.092458	9.900000
0.953767	0.094936	10.000000
